Data,Liczba osób hospitalizowanych ,zmiana (d/d),% osób hospitalizowanych w aktualnej liczbie aktywnych przypadków,Liczba zajętych respiratorów (stan ciężki),zmiana (d/d),% osób pod respiratorem w aktualnej liczbie osób hospitalizowanych,Liczba objętych kwarantanną lokalnie,Obywatele wracający zza granicy,Liczba osób objętych kwarantanną,Liczba osób objętych nadzorem epidemiologicznym,,,,,,,,,,,Przybliżenie od 01.10
03.03,68,n/a,↓,↓,,,316,0,316,4459,,,,,,,,,,,
04.03,65,-3,,,,,349,0,349,4540,,,,,,,,,,,
05.03,92,+ 27,,,,,490,0,490,5647,,,,,,,,,,,
06.03,128,+ 36,,,,,1299,0,1299,6184,,,,,,,,,,,
07.03,146,+ 18,,,,,1548,0,1548,6409,,,,,,,,,,,
08.03,168,+ 22,,,,,932,0,932,7112,,,,,,,,,,,
09.03,467,+ 299,,,,,1014,0,1014,7110,,,,,,,,,,,
10.03,220,-247,,,,,1055,0,1055,9366,,,,,,,,,,,
11.03,317,+ 97,,,,,1193,0,1193,11524,,,,,,,,,,,
12.03,384,+ 67,,,,,2736,0,2736,14841,,,,,,,,,,,
13.03,521,+ 137,,,,,3151,0,3151,17784,,,,,,,,,,,
14.03,526,+ 5,,,,,4413,0,4413,20340,,,,,,,,,,,
15.03,768,+ 242,,,,,7535,0,7535,25816,,,,,,,,,,,
16.03,734,-34,,,,,10050,0,10050,30129,,,,,,,,,,,
17.03,822,+ 88,,,,,14531,22972,37503,35853,,,,,,,,,,,
18.03,923,+ 101,,,,,21993,35192,57185,40110,,,,,,,,,,,
19.03,871,-52,,,,,28440,48324,76764,48660,,,,,,,,,,,
20.03,898,+ 27,,,,,47115,62120,109235,53117,,,,,,,,,,,
21.03,1047,+ 149,,,,,54814,74105,128919,56623,,,,,,,,,,,
22.03,1084,+ 37,,,,,48632,80348,128980,58826,,,,,,,,,,,
23.03,1138,+ 54,,,,,55301,95445,150746,51142,,,,,,,,,,,
24.03,1479,+ 341,,,,,62511,104529,167040,53426,,,,,,,,,,,
25.03,1615,+ 136,,,,,70528,138680,209208,56930,,,,,,,,,,,
26.03,1606,-9,,,,,83908,150474,234382,59081,,,,,,,,,,,
27.03,1696,+ 90,,,,,94297,161859,256156,58306,,,,,,,,,,,
28.03,1719,+ 23,,,,,97413,167890,265303,56585,,,,,,,,,,,
29.03,1879,+ 160,,,,,100215,169092,269307,52612,,,,,,,,,,,
30.03,1900,+ 21,,,,,106525,163789,270314,52370,,,,,,,,,,,
31.03,1924,+ 24,,,,,→,,171994,50804,,,,,,,,,,,
01.04,2317,+ 393,,,,,,,183095,48093,,,,,,,,,,,
02.04,2158,-159,,,,,,,174997,44491,,,,,,,,,,,
03.04,2303,+ 145,,,,,,,160587,41146,,,,,,,,,,,
04.04,2434,+ 131,"70,92%",,,,,,131888,39157,,,,,,,,,,,
05.04,2444,+ 10,"63,09%",,,,,,143256,37295,,,,,,,,,,,
06.04,2476,+ 32,"59,75%",,,,,,148130,36391,,,,,,,,,,,
07.04,2425,-51,"53,56%",,,,,,153390,33273,,,,,,,,,,,
08.04,2473,+ 48,"51,25%",,,,,,152898,33989,,,,,,,,,,,
09.04,2409,-64,"47,08%",,,,,,158663,33879,,,,,,,,,,,
10.04,2426,+ 17,"44,46%",,,,,,166973,31370,,,,,,,,,,,
11.04,2481,+ 55,"42,98%",,,,,,162924,30982,,,,,,,,,,,
12.04,2510,+ 29,"41,81%",,,,,,151548,29571,,,,,,,,,,,
13.04,2471,-39,"39,85%",,,,,,144875,28665,,,,,,,,,,,
14.04,2499,+ 28,"39,53%",,,,,,145875,28085,,,,,,,,,,,
15.04,2607,+ 108,"39,33%",,,,,,142220,25923,,,,,,,,,,,
16.04,2673,+ 66,"39,14%",,,,,,138004,25773,,,,,,,,,,,
17.04,2725,+ 52,"37,97%",,,,,,118361,25273,,,,,,,,,,,
18.04,2483,-242,"33,64%",,,,,,124311,17436,,,,,,,,,,,
19.04,2511,+ 28,"32,09%",,,,,,111079,17266,,,,,,,,,,,
20.04,2914,+ 403,"36,35%",,,,,,105602,21364,,,,,,,,,,,
21.04,3505,+ 591,"43,29%",,,,,,98020,22731,,,,,,,,,,,
22.04,3099,-406,"37,94%",,,,,,103129,21781,,,,,,,,,,,
23.04,3095,-4,"37,49%",,,,,,97905,20546,,,,,,,,,,,
24.04,2821,-274,"33,62%",,,,,,87003,19653,,,,,,,,,,,
25.04,2749,-72,"32,11%",,,,,,79656,19116,,,,,,,,,,,
26.04,2759,+ 10,"31,52%",,,,,,78878,18693,,,,,,,,,,,
27.04,2934,+ 175,"33,30%",,,,,,82643,18394,,,,,,,,,,,
28.04,2973,+ 39,"33,39%",,,,,,85837,18016,,,,,,,,,,,
29.04,3012,+ 39,"33,73%",,,,,,88265,18874,,,,,,,,,,,
30.04,2789,-223,"31,00%",,,,,,92458,18433,,,,,,,,,,,
01.05,2649,-140,"29,55%",,,,,,95625,18383,,,,,,,,,,,
02.05,2761,+ 112,"30,85%",,,,,,96612,18306,,,,,,,,,,,
03.05,2653,-108,"29,25%",,,,,,96699,17785,,,,,,,,,,,
04.05,2738,+ 85,"29,71%",,,,,,100765,17291,,,,,,,,,,,
05.05,2760,+ 22,"29,31%",,,,,,101395,17081,,,,,,,,,,,
06.05,2711,-49,"29,04%",,,,,,103913,16765,,,,,,,,,,,
07.05,2758,+ 47,"29,31%",,,,,,104024,17540,,,,,,,,,,,
08.05,2768,+ 10,"29,43%",,,,,,102996,17155,,,,,,,,,,,
09.05,2658,-110,"28,19%",,,,,,100784,17225,,,,,,,,,,,
10.05,2598,-60,"27,35%",,,,,,97002,17051,,,,,,,,,,,
11.05,2571,-27,"26,51%",,,,,,96211,17771,,,,,,,,,,,
12.05,2648,+ 77,"26,71%",,,,,,96062,18009,,,,,,,,,,,
13.05,2538,-110,"25,55%",,,,,,96708,18256,,,,,,,,,,,
14.05,2579,+ 41,"25,70%",,,,,,95068,18363,,,,,,,,,,,
15.05,2407,-172,"23,62%",,,,,,90386,18355,,,,,,,,,,,
16.05,2459,+ 52,"24,19%",,,,,,84542,18195,,,,,,,,,,,
17.05,2544,+ 85,"25,06%",,,,,,80947,18772,,,,,,,,,,,
18.05,2490,-54,"24,13%",,,,,,76645,18831,,,,,,,,,,,
19.05,2414,-76,"23,18%",,,,,,76957,18984,,,,,,,,,,,
20.05,2330,-84,"22,00%",,,,,,77461,19729,,,,,,,,,,,
21.05,2261,-69,"21,10%",,,,,,77768,19500,,,,,,,,,,,
22.05,2271,+ 10,"20,84%",,,,,,80635,19836,,,,,,,,,,,
23.05,2242,-29,"20,46%",,,,,,79326,19529,,,,,,,,,,,
24.05,2268,+ 26,"20,44%",,,,,,78259,19587,,,,,,,,,,,
25.05,2171,-97,"19,13%",,,,,,78864,19139,,,,,,,,,,,
26.05,2320,+ 149,"21,04%",,,,,,79007,19682,,,,,,,,,,,
27.05,2248,-72,"20,23%",,,,,,79818,19373,,,,,,,,,,,
28.05,2035,-213,"18,13%",,,,,,79995,18224,,,,,,,,,,,
29.05,2207,+ 172,"19,34%",,,,,,80182,19161,,,,,,,,,,,
30.05,2134,-73,"18,58%",,,,,,78823,18947,,,,,,,,,,,
31.05,2181,+ 47,"19,05%",,,,,,77406,18859,,,,,,,,,,,
01.06,2219,+ 38,"19,07%",,,,,,78470,18692,,,,,,,,,,,
02.06,2150,-69,"18,57%",,,,,,78691,18642,,,,,,,,,,,
03.06,2101,-49,"18,18%",,,,,,79341,18721,,,,,,,,,,,
04.06,2085,-16,"17,81%",,,,,,81244,19274,,,,,,,,,,,
05.06,2128,+ 43,"17,94%",,,,,,81820,19994,,,,,,,,,,,
06.06,2007,-121,"16,46%",,,,,,82759,20079,,,,,,,,,,,
07.06,1881,-126,"14,99%",,,,,,82921,19703,,,,,,,,,,,
08.06,2039,+ 158,"15,69%",,,,,,84913,19496,,,,,,,,,,,
09.06,1993,-46,"15,12%",,,,,,86002,19336,,,,,,,,,,,
10.06,1700,-293,"12,85%",75,n/a,"4,41%",,,88074,18234,,,,,,,,,,,
11.06,1629,-71,"12,26%",77,+ 2,"4,73%",,,89609,19072,,,,,,,,,,,
12.06,1711,+ 82,"12,63%",77,+ 0,"4,50%",,,92654,18904,,,,,,,,,,,
13.06,1748,+ 37,"12,78%",83,+ 6,"4,75%",,,93094,18666,,,,,,,,,,,
14.06,1736,-12,"12,47%",78,-5,"4,49%",,,94518,17966,,,,,,,,,,,
15.06,1806,+ 70,"12,76%",80,+ 2,"4,43%",,,95641,17261,,,,,,,,,,,
16.06,1693,-113,"11,86%",76,-4,"4,49%",,,96255,17195,,,,,,,,,,,
17.06,1849,+ 156,"12,81%",72,-4,"3,89%",,,93722,17354,,,,,,,,,,,
18.06,1886,+ 37,"13,16%",87,+ 15,"4,61%",,,97215,18866,,,,,,,,,,,
19.06,1931,+ 45,"13,52%",72,-15,"3,73%",,,96795,18611,,,,,,,,,,,
20.06,1877,-54,"13,32%",71,-1,"3,78%",,,94585,18619,,,,,,,,,,,
21.06,1899,+ 22,"13,67%",72,+ 1,"3,79%",,,93830,18572,,,,,,,,,,,
22.06,1936,+ 37,"14,04%",68,-4,"3,51%",,,93890,18025,,,,,,,,,,,
23.06,1965,+ 29,"14,47%",65,-3,"3,31%",,,92992,16574,,,,,,,,,,,
24.06,1974,+ 9,"14,85%",74,+ 9,"3,75%",,,92409,17139,,,,,,,,,,,
25.06,1933,-41,"14,82%",77,+ 3,"3,98%",,,91461,16728,,,,,,,,,,,
26.06,1869,-64,"14,66%",80,+ 3,"4,28%",,,89294,16568,,,,,,,,,,,
27.06,1845,-24,"14,99%",83,+ 3,"4,50%",,,85603,15211,,,,,,,,,,,
28.06,1797,-48,"15,08%",86,+ 3,"4,79%",,,83460,14469,,,,,,,,,,,
29.06,1811,+ 14,"15,33%",85,-1,"4,69%",,,83499,13987,,,,,,,,,,,
30.06,1923,+ 112,"16,51%",78,-7,"4,06%",,,83033,13919,,,,,,,,,,,
01.07,1787,-136,"15,53%",73,-5,"4,09%",,,83521,13941,,,,,,,,,,,
02.07,1743,-44,"15,23%",72,-1,"4,13%",,,84790,13478,,,,,,,,,,,
03.07,1731,-12,"15,39%",74,+ 2,"4,27%",,,84560,13280,,,,,,,,,,,
04.07,1765,+ 34,"15,93%",77,+ 3,"4,36%",,,83813,13508,,,,,,,,,,,
05.07,1790,+ 25,"16,75%",76,-1,"4,25%",,,83767,12118,,,,,,,,,,,
06.07,1658,-132,"15,54%",73,-3,"4,40%",,,85327,11780,,,,,,,,,,,
07.07,1683,+ 25,"15,81%",66,-7,"3,92%",,,84363,11547,,,,,,,,,,,
08.07,1687,+ 4,"16,43%",65,-1,"3,85%",,,85955,10889,,,,,,,,,,,
09.07,1597,-90,"16,09%",66,+ 1,"4,13%",,,86712,10565,,,,,,,,,,,
10.07,1617,+ 20,"16,83%",67,+ 1,"4,14%",,,86915,10045,,,,,,,,,,,
11.07,1610,-7,"17,28%",65,-2,"4,04%",,,86168,9789,,,,,,,,,,,
12.07,1640,+ 30,"17,88%",69,+ 4,"4,21%",,,85610,9138,,,,,,,,,,,
13.07,1581,-59,"17,38%",74,+ 5,"4,68%",,,86747,9473,,,,,,,,,,,
14.07,1575,-6,"17,28%",73,-1,"4,63%",,,86698,9684,,,,,,,,,,,
15.07,1550,-25,"17,95%",68,-5,"4,39%",,,90496,9778,,,,,,,,,,,
16.07,1604,+ 54,"18,82%",71,+ 3,"4,43%",,,86073,9627,,,,,,,,,,,
17.07,1551,-53,"18,71%",66,-5,"4,26%",,,92008,9715,,,,,,,,,,,
18.07,1560,+ 9,"19,01%",67,+ 1,"4,29%",,,89956,9665,,,,,,,,,,,
19.07,1575,+ 15,"19,23%",72,+ 5,"4,57%",,,89822,9557,,,,,,,,,,,
20.07,1607,+ 32,"19,56%",73,+ 1,"4,54%",,,90767,9356,,,,,,,,,,,
21.07,1644,+ 37,"19,63%",73,+ 0,"4,44%",,,90961,9846,,,,,,,,,,,
22.07,1626,-18,"19,40%",71,-2,"4,37%",,,92577,8907,,,,,,,,,,,
23.07,1617,-9,"19,28%",61,-10,"3,77%",,,92577,7472,,,,,,,,,,,
24.07,1594,-23,"19,01%",65,+ 4,"4,08%",,,94164,7411,,,,,,,,,,,
25.07,1601,+ 7,"18,75%",68,+ 3,"4,25%",,,93311,7418,,,,,,,,,,,
26.07,1625,+ 24,"18,81%",69,+ 1,"4,25%",,,92803,7394,,,,,,,,,,,
27.07,1655,+ 30,"18,66%",61,-8,"3,69%",,,94920,7245,,,,,,,,,,,
28.07,1687,+ 32,"18,68%",66,+ 5,"3,91%",,,95453,6222,,,,,,,,,,,
29.07,1694,+ 7,"17,59%",63,-3,"3,72%",,,97561,8094,,,,,,,,,,,
30.07,1778,+ 84,"18,37%",72,+ 9,"4,05%",,,97189,8069,,,,,,,,,,,
31.07,1841,+ 63,"18,44%",74,+ 2,"4,02%",,,98282,8241,,,,,,,,,,,
01.08,1835,-6,"17,90%",76,+ 2,"4,14%",,,96425,8523,,,,,,,,,,,
02.08,1841,+ 6,"17,61%",74,-2,"4,02%",,,95794,8272,,,,,,,,,,,
03.08,1859,+ 18,"17,12%",65,-9,"3,50%",,,98875,8499,,,,,,,,,,,
04.08,1898,+ 39,"16,72%",72,+ 7,"3,79%",,,100151,9044,,,,,,,,,,,
05.08,1913,+ 15,"16,33%",72,+ 0,"3,76%",,,102815,9052,,,,,,,,,,,
06.08,1928,+ 15,"15,94%",73,+ 1,"3,79%",,,104923,9237,,,,,,,,,,,
07.08,1928,+ 0,"15,43%",72,-1,"3,73%",,,107229,9256,,,,,,,,,,,
08.08,1930,+ 2,"14,89%",73,+ 1,"3,78%",,,105795,9227,,,,,,,,,,,
09.08,1929,-1,"14,51%",71,-2,"3,68%",,,104167,9566,,,,,,,,,,,
10.08,1985,+ 56,"14,46%",74,+ 3,"3,73%",,,105427,9230,,,,,,,,,,,
11.08,2021,+ 36,"14,45%",76,+ 2,"3,76%",,,106915,9490,,,,,,,,,,,
12.08,2059,+ 38,"14,46%",82,+ 6,"3,98%",,,108677,9413,,,,,,,,,,,
13.08,2040,-19,"13,89%",79,-3,"3,87%",,,108309,9660,,,,,,,,,,,
14.08,2028,-12,"13,43%",84,+ 5,"4,14%",,,107395,9606,,,,,,,,,,,
15.08,2035,+ 7,"13,24%",81,-3,"3,98%",,,103805,9477,,,,,,,,,,,
16.08,2040,+ 5,"13,01%",83,+ 2,"4,07%",,,102970,9305,,,,,,,,,,,
17.08,2057,+ 17,"12,83%",82,-1,"3,99%",,,103236,8920,,,,,,,,,,,
18.08,2097,+ 40,"12,84%",83,+ 1,"3,96%",,,103621,8813,,,,,,,,,,,
19.08,2110,+ 13,"12,71%",85,+ 2,"4,03%",,,103961,9034,,,,,,,,,,,
20.08,2151,+ 41,"12,67%",84,-1,"3,91%",,,103351,8902,,,,,,,,,,,
21.08,2189,+ 38,"12,64%",79,-5,"3,61%",,,103876,8899,,,,,,,,,,,
22.08,2195,+ 6,"12,49%",81,+ 2,"3,69%",,,100066,7892,,,,,,,,,,,
23.08,2207,+ 12,"12,52%",83,+ 2,"3,76%",,,98233,8894,,,,,,,,,,,
24.08,2167,-40,"12,10%",76,-7,"3,51%",,,100023,8544,,,,,,,,,,,
25.08,2170,+ 3,"11,85%",79,+ 3,"3,64%",,,99705,8947,,,,,,,,,,,
26.08,2185,+ 15,"11,87%",82,+ 3,"3,75%",,,101678,8984,,,,,,,,,,,
27.08,2221,+ 36,"11,95%",89,+ 7,"4,01%",,,101547,8893,,,,,,,,,,,
28.08,2237,+ 16,"11,98%",87,-2,"3,89%",,,100845,8817,,,,,,,,,,,
29.08,2242,+ 5,"12,01%",85,-2,"3,79%",,,98576,8555,,,,,,,,,,,
30.08,2249,+ 7,"12,06%",83,-2,"3,69%",,,96351,8397,,,,,,,,,,,
31.08,2138,-111,"11,44%",86,+ 3,"4,02%",,,96888,7929,,,,,,,,,,,
01.09,2168,+ 30,"11,51%",83,-3,"3,83%",,,96664,8145,,,,,,,,,,,
02.09,2170,+ 2,"11,68%",81,-2,"3,73%",,,98341,8070,,,,,,,,,,,
03.09,2179,+ 9,"11,81%",75,-6,"3,44%",,,71311,7610,,,,,,,,,,,
04.09,2090,-89,"11,68%",77,+ 2,"3,68%",,,71452,7090,,,,,,,,,,,
05.09,2091,+ 1,"13,13%",79,+ 2,"3,78%",,,70788,7112,,,,,,,,,,,
06.09,2113,+ 22,"14,62%",81,+ 2,"3,83%",,,72285,7097,,,,,,,,,,,
07.09,2042,-71,"14,70%",81,+ 0,"3,97%",,,76047,7010,,,,,,,,,,,
08.09,2070,+ 28,"15,35%",81,+ 0,"3,91%",,,79124,7160,,,,,,,,,,,
09.09,1924,-146,"15,19%",84,+ 3,"4,37%",,,83170,7408,,,,,,,,,,,
10.09,1957,+ 33,"16,01%",82,-2,"4,19%",,,86892,7090,,,,,,,,,,,
11.09,1946,-11,"16,17%",85,+ 3,"4,37%",,,90216,7343,,,,,,,,,,,
12.09,1961,+ 15,"16,70%",86,+ 1,"4,39%",,,91819,7229,,,,,,,,,,,
13.09,1972,+ 11,"17,44%",87,+ 1,"4,41%",,,92057,6972,,,,,,,,,,,
14.09,1996,+ 24,"17,77%",92,+ 5,"4,61%",,,95241,6934,,,,,,,,,,,
15.09,2007,+ 11,"17,67%",86,-6,"4,29%",,,94273,8062,,,,,,,,,,,
16.09,1917,-90,"16,83%",84,-2,"4,38%",,,103425,9331,,,,,,,,,,,
17.09,1925,+ 8,"16,60%",83,-1,"4,31%",,,111530,10102,,,,,,,,,,,
18.09,1977,+ 52,"16,83%",83,+ 0,"4,20%",,,118864,11494,,,,,,,,,,,
19.09,1985,+ 8,"16,29%",86,+ 3,"4,33%",,,118212,11751,,,,,,,,,,,
20.09,1979,-6,"15,65%",83,-3,"4,19%",,,116871,11956,,,,,,,,,,,
21.09,1993,+ 14,"15,23%",85,+ 2,"4,26%",,,115789,11849,,,,,,,,,,,
22.09,1971,-22,"14,70%",89,+ 4,"4,52%",,,114000,9962,,,,,,,,,,,
23.09,1964,-7,"14,26%",91,+ 2,"4,63%",,,125220,11089,,,,,,,,,,,
24.09,1995,+ 31,"13,97%",96,+ 5,"4,81%",,,137023,12937,,,,,,,,,,,
25.09,2134,+ 139,"13,98%",110,+ 14,"5,15%",,,143442,13894,,,,,,,,,,,
26.09,2223,+ 89,"13,70%",124,+ 14,"5,58%",,,139460,16368,,,,,,,,,,,
27.09,2305,+ 82,"13,56%",130,+ 6,"5,64%",,,136128,16128,,,,,,,,,,,
28.09,2399,+ 94,"13,50%",141,+ 11,"5,88%",,,134588,14660,,,,,,,,,,,
29.09,2481,+ 82,"13,39%",152,+ 11,"6,13%",,,129961,15619,,,,,,,,,,,
30.09,2560,+ 79,"13,26%",159,+ 7,"6,21%",,,133981,16891,,,,,,,,,,,
01.10,2702,+ 142,"13,16%",166,+ 7,"6,14%",,,139056,20876,,,,,,,,,,,
02.10,2850,+ 148,"13,04%",179,+ 13,"6,28%",,,158038,21464,,,,,,,,,,,
03.10,2977,+ 127,"12,76%",191,+ 12,"6,42%",,,150565,22003,,,,,,,,,,,
04.10,3158,+ 181,"12,92%",219,+ 28,"6,93%",,,154365,21375,,,,,,,,,,,
05.10,3719,+ 561,"14,38%",263,+ 44,"7,07%",,,159530,19933,,,,,,,,,,,
06.10,4000,+ 281,"14,58%",283,+ 20,"7,08%",,,145873,21289,,,,,,,,,,,
07.10,4138,+ 138,"14,18%",296,+ 13,"7,15%",,,171251,22737,,,,,,,,,,,
08.10,4407,+ 269,"13,67%",320,+ 24,"7,26%",,,188629,26716,,,,,,,,,,,
09.10,4725,+ 318,"13,29%",346,+ 26,"7,32%",,,206048,31863,,,,,,,,,,,
10.10,4924,+ 199,"12,41%",383,+ 37,"7,78%",,,231032,32394,,,,,,,,,,,
11.10,5262,+ 338,"12,38%",404,+ 21,"7,68%",,,250094,35094,,,,,,,,,,,
12.10,5669,+ 407,"12,33%",421,+ 17,"7,43%",,,212446,33533,,,,,,,,,,,
13.10,6084,+ 415,"12,13%",467,+ 46,"7,68%",,,249349,33071,,,,,,,,,,,
14.10,6538,+ 454,"11,94%",508,+ 41,"7,77%",,,296020,36066,,,,,,,,,,,
15.10,6980,+ 442,"11,44%",540,+ 32,"7,74%",,,311625,41498,,,,,,,,,,,
16.10,7512,+ 532,"11,31%",604,+ 64,"8,04%",,,327507,45605,,,,,,,,,,,
17.10,8076,+ 564,"10,98%",649,+ 45,"8,04%",n/a,,320482,45909,,,,,,,,,,,